0010000002778772000000100
0111100227877787220011110
1110222347867687432220111
0100023344866684433200010
0120025534666664355200210
0022253534666664353522200
0023533554466644553353200
0233555553446443555553320
0244335533446443355334420
2774444333444443334444772
7888664444433344444668887
7766666444333334446666677
8776666664331334666666778
7766666444333334446666677
7888664444433344444668887
2774444333444443334444772
0244335533446443355334420
0233555553446443555553320
0023533554466644553353200
0022253534666664353522200
0120025534666664355200210
0100023344866684433200010
1110222347867687432220111
0111100227877787220011110
0010000002778772000000100