0383008862843160674147758
7521387736844542033055384
5004102573468011875275326
4022167711447345247503057
3884463753471204371205877
4866772246271868431030786
4846877615313086224166871
2025862141388440652628380
3280035706130154751418058
0384744558561483782514514
3728554318441518178153211
2647281787258401641577347
8868061281607124384571753
3852075634182036620884165
5265086334886724746434122
4280431212633827253755478
2053432228402080284641242
4024237868288437725846545
7844716341476753871822564
2014435866862427207825716
0255004860622885433481130
5857877888631343600871770
3773880287186680080477106
4246217205772602065851834
6413783754083301648137824