0022000200000000000220002
0200000200000000002002002
0220020200000000002002022
0202002200000000000220002
0020000777777777770000222
0000077666666666667700000
0000766665555555666670000
0007655555555555555567000
0076553333333333333556700
0076532222222222222356700
0763322232222222322233670
0732222232222222322222370
0077777222322232227777700
0078111722233322271118700
0074441722233322271444700
0074441722233322271444700
0007811722237322271187000
0007777227777777227777000
0000722270000000722270000
0000077700000000077700000
0000000000000000000000000
0000000000000000000000000
0000000000000000000000000
0000000000000000000000000
0000000000000000000000000