4444444444444444444444444
4444444000000004444444444
4433333008668660003333344
4433333308668668660033344
4433333308668686686603344
4433333330868686686680344
4433333330855556866860344
4433353335522255566866044
4433355352225555558668044
4433511522255555555686604
4433515155215555555866604
4433511511521555555668804
4433555555151155511586604
4433333555115111111566044
4433555155111511111588044
4433511155155211112566044
4433515551522111122506604
4433515555152111222530604
4435115551155255111153004
4435155551115577555533304
4435151111157777777333344
4451111155533777733333344
4451155533333333333333344
4555544444444444444444444
4444444444444444444444444