6666666666666666666666666
6666666666666666666666666
6677777777766777766777766
6677777777766778766770766
6677777777766788766700766
6677777777766778766707766
6677777777766777766777766
6666666666666666666666666
6666666666666666666666666
6677777777228111833331166
6677777772288178885544166
6677777777728433335542166
6677777777722444781142266
6677777777772333388178266
6677777777777775582118866
6677777777777715572218766
6677777777777718880211166
6677777777777711800711166
6677777777777774707220366
6677777777777774442200366
6677773333777777777808366
6677777777744445555888366
6677777777744445555888866
6666666666666666666666666
6666666666666666666666666