6666688888777775555500000
6666688888777775555500000
6666688888777775555500000
6666688888777775555500000
6666688888777775555500000
8888877777555550000022222
8888877777555550000022222
8888877777555550000022222
8888877777555550000022222
8888877777555550000022222
7777755555000002222211111
7777755555000002222211111
7777755555000002222211111
7777755555000002222211111
7777755555000002222211111
5555500000222221111144444
5555500000222221111144444
5555500000222221111144444
5555500000222221111144444
5555500000222221111144444
0000022222111114444433333
0000022222111114444433333
0000022222111114444433333
0000022222111114444433333
0000022222111114444433333