4444444777777777776666666
4444444777777777776666666
4444444477777777766666666
4444444477777777766666666
4444444447777777666666666
4444444447777777666666666
4444444444777776666666666
3344444444777776666666688
3333444444477766666668888
3333334444477766666888888
3333333344447666688888888
3333333333447668888888888
3333333333330888888888888
3333333333225118888888888
3333333322225111188888888
3333332222255511111888888
3333222222255511111118888
3322222222555551111111188
2222222222555551111111111
2222222225555555111111111
2222222225555555111111111
2222222255555555511111111
2222222255555555511111111
2222222555555555551111111
2222222555555555551111111