5228811882832367328252288
5552800008832233228255528
5528001100188222282555282
2528014610182883388225282
8281016410825228811882832
2881001100825552800008832
2238800008255528001100188
3238288118822528014610182
3282522883388281016410825
2282555282222881001100825
2825552822332238800008255
3882252823763238288118822
8118828323673282522883388
8000088322332282555282222
0011001882222825552822332
0146101828833882252823763
0164108252288118828323673
0011008255528000088322332
8000082555280011001882222
2881188225280146101828833
5228833882810164108252288
5552822228810011008255528
5528223322388000082555280
2528237632382881188225280
8283236732825228833882810