6668866688666886668866688
6668866688666886668866688
8886688866888668886688866
8886688866800068886688866
8886688866000008886688866
6668866611000001168866688
6668861111100011111866688
8886611555100015551188866
8886615445500055445188866
8886685444450544445688866
6668865544550554455866688
6668811555100015551166688
8886611111000001111188866
8886681111020201111688866
8886681555122215551688866
6668815533555553355166688
6668815777333337775166688
8886615773333333775188866
8886611533355533351188866
8886611155500055511188866
6668861111000001111866688
6668866688000006668866688
8886688866800068886688866
8886688866888668886688866
8886688866888668886688866