2222222222222222222222222
2222221111111111111222222
2222111114444441111112222
2221111148866664111111222
2211111488888866411111122
2211111444448886411111122
2111114333334886411111112
2111143555333488444111112
2111143333333488486411112
2111143333333488488641112
2111114333334888477641112
2111114444448887477741112
2111114888888877477741112
2111114788888777477741112
2111114777777777477741112
2111114744444777444441112
2111114777414777411111112
2111114777414777411111112
2111114777404777411111112
2211114444000444001111122
2211100000000000000111122
2221100000000000000111222
2222110000000000001112222
2222221111111111111222222
2222222222222222222222222