7777777777777777777733333
7777777777777777773334443
8787878787878783333334114
7878787878733333344444114
3333333333333333444444154
3444344444444444444151514
3414341441414141441515154
4414441441414141445144514
4151445444154515445544554
4545441441414141445544554
4545455545554555445555554
4444444444444444444555544
4444444444444444444444444
4141411141114111444111114
4141414141414441441111114
4415444545454345441544154
4141414141414341445144514
4545455545554345441515154
4444444444443344444151514
3333333333333333445544554
3333333333333333445544554
7878787878787833345555554
8787878787878787334555543
8888888888888888833444433
8888888888888888883333333